9780711245662
9780711254398
9780711254404
9780711257566
9780711257597
9780711257856
9780711257894
9780711259362
9780711259379
9780711259386
9780711259393
9780711259485
9780711259515
9780711264168
9780711287037
9780711292017
9780711292970
9780711294721
9780711298613
9781786030177
9781786030184
9781786030528
9781786030863
9781786031198
9781786032362
9781786032911
9781786033345
9781786037336
9781786037565
9781836000198
9781836006619
9781836006626
9781836007456
9781836008316
9781847807700
9781847807717
9781847809599
9781847809612
9781847809629
9783458179849
9789051164497
9789051164558
9789051168235
9789051169485
9789051169591
9789051169805
9789465000183
9789465000459